200
50 28
17 32
22 26
2 1
35 10
23 24
26 40
39 41
11 22
29 34
21 30
29 37
50 42
24 14
46 1
14 50
32 4
46 15
50 50
31 45
23 34
27 8
47 38
22 50
46 47
30 40
32 40
43 12
35 26
11 27
41 13
22 41
38 34
29 19
7 5
40 17
47 26
15 3
24 2
24 11
50 39
6 49
33 30
45 6
40 11
42 31
46 18
46 9
29 31
22 48
25 4
40 47
16 17
48 46
47 24
41 6
28 31
12 49
19 20
5 23
21 48
46 27
28 29
5 5
25 12
10 14
35 19
5 21
42 10
2 50
22 14
50 48
10 4
35 20
46 30
3 9
20 36
3 36
26 29
48 15
8 43
20 21
34 23
13 22
4 11
23 50
39 28
3 11
41 29
12 19
32 11
49 15
28 24
49 43
44 35
33 4
2 31
6 8
33 25
35 9
43 19
39 32
16 33
47 28
7 42
24 40
6 20
18 46
23 12
34 7
38 25
11 37
42 12
4 4
17 31
23 3
5 25
20 50
2 21
49 8
21 21
42 29
4 2
36 3
43 4
3 35
47 33
40 5
25 9
20 5
37 47
50 25
42 48
22 28
31 26
3 15
47 9
18 29
25 1
2 50
35 43
43 29
44 8
26 15
26 20
38 46
49 24
41 46
44 16
18 14
22 17
48 47
25 50
37 12
20 30
27 9
2 45
43 15
35 38
23 23
14 28
48 36
30 37
29 15
7 21
42 9
28 30
3 2
46 17
16 35
26 16
28 10
29 44
31 20
46 25
48 18
13 4
35 3
28 22
15 9
10 16
4 24
16 19
22 34
32 45
28 35
42 7
4 25
25 25
14 24
19 36
21 18
45 40
47 43
31 19
40 36
2 23
18 21
27 22
22 38
